{
 "cells": [
  {
   "cell_type": "code",
   "execution_count": 1,
   "id": "01c95949-4022-4548-863e-d98dc2075b00",
   "metadata": {},
   "outputs": [
    {
     "name": "stdout",
     "output_type": "stream",
     "text": [
      "tensor([[-0.0063, -0.2999],\n",
      "        [-0.0118, -0.2994],\n",
      "        [-0.0117, -0.2993],\n",
      "        [-0.0066, -0.2995],\n",
      "        [-0.0067, -0.2978],\n",
      "        [-0.0079, -0.3003]], grad_fn=<MmBackward0>)\n",
      "attn_weights:\n",
      " tensor([[0.1751, 0.1620, 0.1636, 0.1585, 0.1967, 0.1442],\n",
      "        [0.1668, 0.1576, 0.1603, 0.1576, 0.2246, 0.1331],\n",
      "        [0.1658, 0.1577, 0.1604, 0.1582, 0.2241, 0.1338],\n",
      "        [0.1691, 0.1619, 0.1636, 0.1611, 0.1980, 0.1464],\n",
      "        [0.1486, 0.1622, 0.1636, 0.1714, 0.1972, 0.1570],\n",
      "        [0.1793, 0.1605, 0.1625, 0.1552, 0.2048, 0.1377]],\n",
      "       grad_fn=<SoftmaxBackward0>)\n",
      "tensor([[1., 0., 0., 0., 0., 0.],\n",
      "        [1., 1., 0., 0., 0., 0.],\n",
      "        [1., 1., 1., 0., 0., 0.],\n",
      "        [1., 1., 1., 1., 0., 0.],\n",
      "        [1., 1., 1., 1., 1., 0.],\n",
      "        [1., 1., 1., 1., 1., 1.]])\n",
      "tensor([[0.1751, 0.0000, 0.0000, 0.0000, 0.0000, 0.0000],\n",
      "        [0.1668, 0.1576, 0.0000, 0.0000, 0.0000, 0.0000],\n",
      "        [0.1658, 0.1577, 0.1604, 0.0000, 0.0000, 0.0000],\n",
      "        [0.1691, 0.1619, 0.1636, 0.1611, 0.0000, 0.0000],\n",
      "        [0.1486, 0.1622, 0.1636, 0.1714, 0.1972, 0.0000],\n",
      "        [0.1793, 0.1605, 0.1625, 0.1552, 0.2048, 0.1377]],\n",
      "       grad_fn=<MulBackward0>)\n",
      "tensor([[1.0000, 0.0000, 0.0000, 0.0000, 0.0000, 0.0000],\n",
      "        [0.5142, 0.4858, 0.0000, 0.0000, 0.0000, 0.0000],\n",
      "        [0.3426, 0.3259, 0.3315, 0.0000, 0.0000, 0.0000],\n",
      "        [0.2578, 0.2470, 0.2494, 0.2458, 0.0000, 0.0000],\n",
      "        [0.1763, 0.1924, 0.1941, 0.2033, 0.2339, 0.0000],\n",
      "        [0.1793, 0.1605, 0.1625, 0.1552, 0.2048, 0.1377]],\n",
      "       grad_fn=<DivBackward0>)\n",
      "tensor([[0.1924, 0.1615, 0.1615, 0.1615, 0.1615, 0.1615],\n",
      "        [0.1860, 0.1843, 0.1574, 0.1574, 0.1574, 0.1574],\n",
      "        [0.1809, 0.1794, 0.1799, 0.1533, 0.1533, 0.1533],\n",
      "        [0.1764, 0.1752, 0.1754, 0.1750, 0.1490, 0.1490],\n",
      "        [0.1677, 0.1700, 0.1702, 0.1716, 0.1760, 0.1445],\n",
      "        [0.1688, 0.1656, 0.1659, 0.1647, 0.1731, 0.1619]],\n",
      "       grad_fn=<SoftmaxBackward0>)\n",
      "tensor([[ 0.0595,    -inf,    -inf,    -inf,    -inf,    -inf],\n",
      "        [-0.0749, -0.1554,    -inf,    -inf,    -inf,    -inf],\n",
      "        [-0.0880, -0.1587, -0.1346,    -inf,    -inf,    -inf],\n",
      "        [-0.0193, -0.0800, -0.0660, -0.0870,    -inf,    -inf],\n",
      "        [-0.2987, -0.1747, -0.1625, -0.0967,  0.1014,    -inf],\n",
      "        [ 0.1039, -0.0532, -0.0355, -0.1003,  0.2919, -0.2694]],\n",
      "       grad_fn=<MaskedFillBackward0>)\n",
      "tensor([[1.0000, 0.0000, 0.0000, 0.0000, 0.0000, 0.0000],\n",
      "        [0.5142, 0.4858, 0.0000, 0.0000, 0.0000, 0.0000],\n",
      "        [0.3426, 0.3259, 0.3315, 0.0000, 0.0000, 0.0000],\n",
      "        [0.2578, 0.2470, 0.2494, 0.2458, 0.0000, 0.0000],\n",
      "        [0.1763, 0.1924, 0.1941, 0.2033, 0.2339, 0.0000],\n",
      "        [0.1793, 0.1605, 0.1625, 0.1552, 0.2048, 0.1377]],\n",
      "       grad_fn=<SoftmaxBackward0>)\n"
     ]
    }
   ],
   "source": [
    "\n",
    "import torch.nn as nn\n",
    "import torch\n",
    "\n",
    "\n",
    "inputs = torch.tensor(\n",
    "    [[0.43, 0.15, 0.89], # Your     (x^1)\n",
    "    [0.55, 0.87, 0.66], # journey  (x^2)\n",
    "    [0.57, 0.85, 0.64], # starts   (x^3)\n",
    "    [0.22, 0.58, 0.33], # with     (x^4)\n",
    "    [0.77, 0.25, 0.10], # one      (x^5)\n",
    "    [0.05, 0.80, 0.55]] # step     (x^6)\n",
    ")\n",
    "\n",
    "\n",
    "d_in =3\n",
    "d_out = 2\n",
    "\n",
    "\n",
    "class SelfAttention_v2(nn.Module):\n",
    "\n",
    "    def __init__(self, d_in, d_out, qkv_bias=False):\n",
    "        super().__init__()\n",
    "        self.W_key = nn.Linear(d_in, d_out, bias = qkv_bias)\n",
    "        self.W_query = nn.Linear(d_in, d_out, bias = qkv_bias)\n",
    "        self.W_value = nn.Linear(d_in, d_out, bias = qkv_bias)\n",
    "\n",
    "    def forward(self, x):\n",
    "        keys = self.W_key(x)\n",
    "        queries = self.W_query(x)\n",
    "        values = self.W_value(x)\n",
    "\n",
    "        attn_scores = queries @ keys.T\n",
    "        attn_weights = torch.softmax(attn_scores/d_out**0.5, dim=-1)\n",
    "\n",
    "        context_vec = attn_weights @ values\n",
    "\n",
    "        return context_vec\n",
    "    \n",
    "torch.manual_seed(567)\n",
    "sa_v2 = SelfAttention_v2(d_in,d_out)\n",
    "print(sa_v2(inputs))\n",
    "\n",
    "\n",
    "\n",
    "\"\"\"\n",
    "- In this section, we are converting the previous self-attention mechanism into a causal self-attention mechanism\n",
    "- Causal self-attention ensures that the model's prediction for a certain position in a sequence is only dependent on the known outputs at previous positions, not on future positions\n",
    "- In simpler words, this ensures that each next word prediction should only depend on the preceding words\n",
    "- To achieve this, for each given token, we mask out the future tokens (the ones that come after the current token in the input text):\n",
    "\"\"\"\n",
    "\n",
    "\n",
    "queries = sa_v2.W_query(inputs)\n",
    "keys = sa_v2.W_key(inputs)\n",
    "attn_scores = queries @ keys.T\n",
    "attn_weights = torch.softmax(attn_scores/d_out**0.5, dim =-1)\n",
    "print(\"attn_weights:\\n\",attn_weights)\n",
    "\n",
    "context_length = attn_scores.shape[0]\n",
    "mask_simple = torch.tril(torch.ones(context_length, context_length))\n",
    "print(mask_simple)\n",
    "\n",
    "masked_simple = attn_weights * mask_simple\n",
    "print(masked_simple)\n",
    "\n",
    "row_sums = masked_simple.sum(dim = -1, keepdim=True)\n",
    "masked_simple_norm = masked_simple/ row_sums\n",
    "print(masked_simple_norm)\n",
    "\n",
    "mask = torch.triu(torch.ones(context_length, context_length), diagonal = 1)\n",
    "masked = attn_scores.masked_fill(mask.bool(), -torch.inf)\n",
    "\n",
    "\n",
    "attn_weights = torch.softmax(masked/2**0.5, dim = -1)\n",
    "print(attn_weights )"
   ]
  },
  {
   "cell_type": "code",
   "execution_count": null,
   "id": "43c8d7b2-62b8-4fc9-9bdc-b755489bac7a",
   "metadata": {},
   "outputs": [],
   "source": []
  }
 ],
 "metadata": {
  "kernelspec": {
   "display_name": "Python 3 (ipykernel)",
   "language": "python",
   "name": "python3"
  },
  "language_info": {
   "codemirror_mode": {
    "name": "ipython",
    "version": 3
   },
   "file_extension": ".py",
   "mimetype": "text/x-python",
   "name": "python",
   "nbconvert_exporter": "python",
   "pygments_lexer": "ipython3",
   "version": "3.10.14"
  }
 },
 "nbformat": 4,
 "nbformat_minor": 5
}
